244
4
112
223
3
96
252
170
158
94
76
22
89
46
121
113
48
133
175
212
152
66
243
23
218
186
125
137
132
261
256
169
228
114
80
87
255
247
99
236
134
97
145
240
225
14
196
135
204
208
51
31
120
191
156
12
176
108
30
173
81
84
199
78
245
95
41
28
139
200
124
187
142
215
194
111
164
9
185
38
161
224
64
107
222
242
154
40
5
230
79
102
226
83
44
201
75
179
98
258
71
221
24
35
195
52
119
229
198
182
15
149
16
58
67
189
92
197
162
171
136
144
177
153
8
143
174
42
69
227
25
217
163
219
249
181
159
148
17
116
254
214
190
57
168
115
259
62
59
20
90
45
131
86
2
74
263
56
118
160
49
264
150
146
129
257
130
157
68
234
7
166
167
60
11
248
91
210
101
106
239
72
232
117
18
202
63
211
1
213
235
220
184
105
260
29
188
88
209
140
55
27
231
32
250
6
77
192
262
141
13
65
265
47
10
53
39
26
70
147
165
93
34
126
54
33
128
238
251
206
109
253
73
61
193
155
85
241
122
180
127
151
19
50
178
37
100
82
43
36
123
207
205
246
172
183
237
138
233
21
216
203