127
133
208
246
205
76
121
6
125
224
258
173
89
189
174
77
237
22
169
95
25
255
242
62
221
261
259
257
5
109
164
94
198
243
154
26
43
33
96
172
145
190
102
210
211
67
57
70
105
15
101
114
29
155
118
229
45
249
41
97
34
202
157
17
16
98
247
112
63
84
143
56
222
21
176
212
185
187
9
144
85
248
171
240
75
126
86
132
175
241
192
7
265
239
232
251
201
180
131
134
44
100
90
215
115
147
162
264
87
191
111
79
233
209
3
64
19
226
193
71
32
81
1
253
58
23
141
197
93
38
120
214
50
177
36
150
235
196
216
142
244
88
35
207
92
152
24
130
42
59
245
161
148
48
230
236
163
13
159
78
238
74
256
188
195
200
60
227
206
167
99
182
146
46
31
160
223
61
219
178
183
170
129
82
228
168
116
250
65
140
4
149
72
2
199
151
113
186
12
10
20
220
135
73
39
138
117
128
49
218
68
119
52
123
194
54
158
179
14
153
18
66
184
137
234
69
91
203
30
231
165
124
139
217
107
262
11
51
156
55
181
28
254
213
122
263
37
136
80
106
83
108
166
47
40
225
8
204
27
252
260
53
104